100 0.2323 1.0000 4.61 9 0.0003
200 0.2173 0.9950 4.99 18 0.0011
300 0.2168 0.9900 5.04 27 0.0016
400 0.2167 0.9850 4.99 35 0.0022
500 0.2204 0.9799 4.90 44 0.0028
600 0.2168 0.9749 5.03 52 0.0051
700 0.2188 0.9699 5.01 61 0.0056
800 0.2204 0.9649 4.94 69 0.0062
900 0.2190 0.9598 4.93 78 0.0067
1000 0.2211 0.9548 4.86 87 0.0073
1100 0.2218 0.9498 4.84 96 0.0079
1200 0.2206 0.9448 4.89 103 0.0084
1300 0.2197 0.9397 4.87 111 0.0090
1400 0.2183 0.9347 4.87 119 0.0096
1500 0.2168 0.9297 4.84 128 0.0101
1600 0.2183 0.9247 4.85 136 0.0107
1700 0.2180 0.9196 4.84 144 0.0113
1800 0.2148 0.9146 4.86 152 0.0118
1900 0.2161 0.9096 4.86 160 0.0124
2000 0.2144 0.9046 4.86 169 0.0130
2100 0.2146 0.8995 4.84 178 0.0136
2200 0.2173 0.8945 4.82 186 0.0142
2300 0.2187 0.8895 4.82 195 0.0147
2400 0.2207 0.8845 4.81 203 0.0153
2500 0.2223 0.8794 4.78 212 0.0159
2600 0.2251 0.8744 4.76 220 0.0164
2700 0.2235 0.8694 4.76 228 0.0170
2800 0.2272 0.8644 4.75 237 0.0176
2900 0.2286 0.8593 4.72 245 0.0181
3000 0.2296 0.8543 4.70 253 0.0187
3100 0.2256 0.8493 4.70 261 0.0193
3200 0.2265 0.8443 4.69 269 0.0198
3300 0.2275 0.8392 4.68 278 0.0204
3400 0.2285 0.8342 4.65 285 0.0210
3500 0.2285 0.8292 4.65 294 0.0216
3600 0.2299 0.8242 4.64 302 0.0221
3700 0.2307 0.8191 4.64 311 0.0227
3800 0.2297 0.8141 4.63 320 0.0233
3900 0.2301 0.8091 4.62 328 0.0239
4000 0.2295 0.8041 4.62 337 0.0244
4100 0.2320 0.7990 4.60 345 0.0250
4200 0.2325 0.7940 4.59 354 0.0256
4300 0.2322 0.7890 4.58 362 0.0261
4400 0.2318 0.7840 4.58 371 0.0267
4500 0.2320 0.7789 4.58 381 0.0273
4600 0.2286 0.7739 4.58 389 0.0279
4700 0.2303 0.7689 4.57 398 0.0284
4800 0.2309 0.7639 4.58 407 0.0290
4900 0.2298 0.7588 4.58 415 0.0296
5000 0.2296 0.7538 4.59 424 0.0301
5100 0.2267 0.7488 4.60 433 0.0307
5200 0.2248 0.7438 4.61 441 0.0313
5300 0.2229 0.7387 4.61 449 0.0319
5400 0.2238 0.7337 4.61 458 0.0324
5500 0.2215 0.7287 4.62 466 0.0330
5600 0.2224 0.7237 4.61 475 0.0336
5700 0.2227 0.7186 4.61 484 0.0341
5800 0.2251 0.7136 4.60 492 0.0347
5900 0.2267 0.7086 4.60 502 0.0353
6000 0.2268 0.7036 4.60 510 0.0358
6100 0.2294 0.6985 4.61 519 0.0364
6200 0.2310 0.6935 4.60 527 0.0370
6300 0.2329 0.6885 4.60 536 0.0376
6400 0.2324 0.6835 4.61 545 0.0381
6500 0.2325 0.6784 4.61 553 0.0387
6600 0.2319 0.6734 4.61 561 0.0393
6700 0.2310 0.6684 4.60 570 0.0399
6800 0.2278 0.6634 4.59 579 0.0404
6900 0.2263 0.6583 4.59 588 0.0410
7000 0.2277 0.6533 4.58 597 0.0416
7100 0.2295 0.6483 4.58 605 0.0421
7200 0.2300 0.6433 4.57 614 0.0427
7300 0.2294 0.6382 4.57 622 0.0433
7400 0.2297 0.6332 4.56 630 0.0439
7500 0.2312 0.6282 4.55 638 0.0445
7600 0.2326 0.6232 4.54 647 0.0451
7700 0.2324 0.6181 4.54 656 0.0457
7800 0.2341 0.6131 4.54 664 0.0463
7900 0.2345 0.6081 4.53 673 0.0468
8000 0.2341 0.6031 4.52 682 0.0474
8100 0.2313 0.5980 4.52 690 0.0480
8200 0.2327 0.5930 4.51 699 0.0485
8300 0.2304 0.5880 4.52 707 0.0491
8400 0.2303 0.5830 4.52 716 0.0497
8500 0.2309 0.5779 4.52 725 0.0503
8600 0.2279 0.5729 4.52 733 0.0509
8700 0.2290 0.5679 4.51 742 0.0515
8800 0.2300 0.5629 4.50 750 0.0521
8900 0.2299 0.5578 4.49 759 0.0527
9000 0.2321 0.5528 4.48 767 0.0533
9100 0.2319 0.5478 4.48 775 0.0539
9200 0.2312 0.5428 4.48 783 0.0545
9300 0.2336 0.5377 4.48 792 0.0550
9400 0.2340 0.5327 4.47 800 0.0556
9500 0.2320 0.5277 4.46 808 0.0562
9600 0.2344 0.5227 4.46 816 0.0568
9700 0.2330 0.5176 4.45 825 0.0574
9800 0.2315 0.5126 4.45 833 0.0580
9900 0.2317 0.5076 4.44 842 0.0585
10000 0.2283 0.5026 4.44 850 0.0591
10100 0.2299 0.4975 4.44 858 0.0597
10200 0.2288 0.4925 4.43 866 0.0603
10300 0.2287 0.4875 4.43 875 0.0609
10400 0.2273 0.4825 4.43 883 0.0615
10500 0.2289 0.4774 4.43 892 0.0621
10600 0.2306 0.4724 4.42 900 0.0627
10700 0.2311 0.4674 4.42 909 0.0633
10800 0.2302 0.4624 4.42 918 0.0638
10900 0.2295 0.4573 4.41 926 0.0645
11000 0.2322 0.4523 4.41 935 0.0650
11100 0.2320 0.4473 4.41 943 0.0656
11200 0.2348 0.4423 4.40 952 0.0662
11300 0.2380 0.4372 4.40 961 0.0668
11400 0.2396 0.4322 4.39 969 0.0673
11500 0.2385 0.4272 4.39 978 0.0679
11600 0.2387 0.4222 4.38 986 0.0685
11700 0.2372 0.4171 4.38 994 0.0691
11800 0.2387 0.4121 4.38 1003 0.0698
11900 0.2387 0.4071 4.37 1012 0.0704
12000 0.2388 0.4021 4.37 1020 0.0710
12100 0.2397 0.3970 4.37 1029 0.0716
12200 0.2377 0.3920 4.36 1037 0.0722
12300 0.2357 0.3870 4.36 1045 0.0728
12400 0.2352 0.3820 4.36 1053 0.0734
12500 0.2357 0.3769 4.36 1062 0.0740
12600 0.2368 0.3719 4.35 1070 0.0746
12700 0.2371 0.3669 4.35 1079 0.0752
12800 0.2382 0.3619 4.34 1087 0.0758
12900 0.2384 0.3568 4.34 1096 0.0764
13000 0.2363 0.3518 4.34 1104 0.0770
13100 0.2366 0.3468 4.33 1113 0.0776
13200 0.2356 0.3418 4.33 1121 0.0782
13300 0.2351 0.3367 4.33 1130 0.0789
13400 0.2358 0.3317 4.32 1138 0.0795
13500 0.2370 0.3267 4.32 1147 0.0801
13600 0.2351 0.3217 4.32 1156 0.0807
13700 0.2369 0.3166 4.31 1165 0.0813
13800 0.2350 0.3116 4.31 1173 0.0819
13900 0.2355 0.3066 4.31 1181 0.0825
14000 0.2373 0.3016 4.30 1190 0.0831
14100 0.2373 0.2965 4.30 1198 0.0837
14200 0.2392 0.2915 4.29 1206 0.0843
14300 0.2386 0.2865 4.29 1214 0.0849
14400 0.2390 0.2815 4.28 1223 0.0855
14500 0.2381 0.2764 4.28 1231 0.0861
14600 0.2371 0.2714 4.28 1239 0.0867
14700 0.2358 0.2664 4.27 1248 0.0873
14800 0.2371 0.2614 4.27 1257 0.0879
14900 0.2380 0.2563 4.27 1266 0.0884
15000 0.2369 0.2513 4.26 1275 0.0890
15100 0.2374 0.2463 4.26 1284 0.0896
15200 0.2363 0.2413 4.26 1293 0.0902
15300 0.2377 0.2362 4.25 1302 0.0908
15400 0.2376 0.2312 4.25 1311 0.0914
15500 0.2383 0.2262 4.25 1319 0.0920
15600 0.2396 0.2212 4.24 1328 0.0926
15700 0.2419 0.2161 4.24 1336 0.0932
15800 0.2408 0.2111 4.24 1346 0.0939
15900 0.2402 0.2061 4.23 1354 0.0945
16000 0.2422 0.2011 4.23 1363 0.0952
16100 0.2429 0.1960 4.23 1372 0.0958
16200 0.2448 0.1910 4.22 1381 0.0964
16300 0.2454 0.1860 4.22 1390 0.0970
16400 0.2439 0.1810 4.22 1398 0.0977
16500 0.2439 0.1759 4.21 1406 0.0983
16600 0.2429 0.1709 4.21 1414 0.0990
16700 0.2414 0.1659 4.20 1422 0.0996
16800 0.2411 0.1609 4.20 1430 0.1002
16900 0.2425 0.1558 4.20 1439 0.1008
17000 0.2411 0.1508 4.19 1447 0.1015
17100 0.2390 0.1458 4.19 1457 0.1021
17200 0.2371 0.1408 4.19 1466 0.1027
17300 0.2378 0.1357 4.19 1474 0.1033
17400 0.2394 0.1307 4.18 1483 0.1039
17500 0.2414 0.1257 4.18 1491 0.1045
17600 0.2430 0.1207 4.18 1501 0.1051
17700 0.2444 0.1156 4.18 1510 0.1057
17800 0.2455 0.1106 4.17 1518 0.1063
17900 0.2456 0.1056 4.17 1528 0.1069
18000 0.2475 0.1006 4.17 1537 0.1075
18100 0.2481 0.0955 4.16 1546 0.1082
18200 0.2478 0.0905 4.16 1554 0.1088
18300 0.2466 0.0855 4.16 1563 0.1094
18400 0.2452 0.0805 4.16 1571 0.1101
18500 0.2438 0.0754 4.15 1580 0.1107
18600 0.2429 0.0704 4.15 1589 0.1113
18700 0.2416 0.0654 4.15 1598 0.1119
18800 0.2419 0.0604 4.14 1606 0.1126
18900 0.2411 0.0553 4.14 1615 0.1132
19000 0.2390 0.0503 4.14 1624 0.1139
19100 0.2389 0.0453 4.13 1632 0.1145
19200 0.2398 0.0403 4.13 1641 0.1152
19300 0.2404 0.0352 4.13 1650 0.1159
19400 0.2419 0.0302 4.12 1659 0.1165
19500 0.2405 0.0252 4.12 1667 0.1172
19600 0.2407 0.0202 4.12 1675 0.1178
19700 0.2414 0.0151 4.11 1684 0.1185
19800 0.2428 0.0101 4.11 1694 0.1191
19900 0.2413 0.0051 4.11 1702 0.1197
20000 0.2405 0.0010 4.11 1711 0.1204
20100 0.2418 0.0010 4.10 1720 0.1210
20200 0.2417 0.0010 4.10 1728 0.1216
20300 0.2411 0.0010 4.10 1737 0.1223
20400 0.2397 0.0010 4.10 1746 0.1229
20500 0.2402 0.0010 4.10 1755 0.1236
20600 0.2406 0.0010 4.09 1764 0.1242
20700 0.2407 0.0010 4.09 1772 0.1248
20800 0.2389 0.0010 4.09 1781 0.1254
20900 0.2406 0.0010 4.09 1790 0.1260
21000 0.2417 0.0010 4.08 1798 0.1266
21100 0.2406 0.0010 4.08 1807 0.1272
21200 0.2410 0.0010 4.08 1816 0.1279
21300 0.2422 0.0010 4.07 1825 0.1285
21400 0.2424 0.0010 4.07 1833 0.1291
21500 0.2427 0.0010 4.07 1842 0.1296
21600 0.2418 0.0010 4.07 1850 0.1302
21700 0.2407 0.0010 4.06 1859 0.1308
21800 0.2413 0.0010 4.06 1868 0.1314
21900 0.2417 0.0010 4.06 1877 0.1320
22000 0.2416 0.0010 4.06 1886 0.1326
22100 0.2438 0.0010 4.05 1894 0.1332
22200 0.2451 0.0010 4.05 1903 0.1338
22300 0.2447 0.0010 4.05 1913 0.1343
22400 0.2455 0.0010 4.05 1922 0.1349
22500 0.2462 0.0010 4.04 1930 0.1355
22600 0.2452 0.0010 4.04 1939 0.1361
22700 0.2472 0.0010 4.04 1948 0.1367
22800 0.2460 0.0010 4.04 1957 0.1373
22900 0.2461 0.0010 4.03 1965 0.1379
23000 0.2443 0.0010 4.03 1974 0.1385
23100 0.2433 0.0010 4.03 1982 0.1391
23200 0.2422 0.0010 4.02 1991 0.1397
23300 0.2410 0.0010 4.02 1999 0.1403
23400 0.2409 0.0010 4.02 2008 0.1409
23500 0.2418 0.0010 4.02 2018 0.1415
23600 0.2431 0.0010 4.02 2027 0.1421
23700 0.2431 0.0010 4.02 2035 0.1427
23800 0.2425 0.0010 4.01 2044 0.1433
23900 0.2422 0.0010 4.01 2053 0.1438
24000 0.2458 0.0010 4.01 2062 0.1444
24100 0.2454 0.0010 4.01 2071 0.1450
24200 0.2449 0.0010 4.01 2080 0.1456
24300 0.2474 0.0010 4.01 2090 0.1462
24400 0.2476 0.0010 4.00 2099 0.1468
24500 0.2463 0.0010 4.00 2107 0.1475
24600 0.2459 0.0010 4.00 2116 0.1481
24700 0.2438 0.0010 4.00 2125 0.1486
24800 0.2457 0.0010 4.00 2134 0.1493
24900 0.2450 0.0010 3.99 2142 0.1499
25000 0.2418 0.0010 3.99 2151 0.1505
25100 0.2415 0.0010 3.99 2159 0.1511
25200 0.2408 0.0010 3.99 2168 0.1517
25300 0.2394 0.0010 3.99 2176 0.1523
25400 0.2398 0.0010 3.99 2185 0.1529
25500 0.2390 0.0010 3.98 2193 0.1535
25600 0.2387 0.0010 3.98 2202 0.1541
25700 0.2411 0.0010 3.98 2211 0.1547
25800 0.2410 0.0010 3.98 2220 0.1553
25900 0.2429 0.0010 3.98 2230 0.1559
26000 0.2446 0.0010 3.98 2239 0.1565
26100 0.2456 0.0010 3.98 2248 0.1571
26200 0.2466 0.0010 3.98 2257 0.1578
26300 0.2470 0.0010 3.97 2265 0.1584
26400 0.2470 0.0010 3.97 2273 0.1589
26500 0.2486 0.0010 3.97 2282 0.1595
26600 0.2486 0.0010 3.97 2291 0.1601
26700 0.2482 0.0010 3.97 2300 0.1607
26800 0.2487 0.0010 3.96 2308 0.1613
26900 0.2477 0.0010 3.96 2317 0.1618
27000 0.2466 0.0010 3.96 2325 0.1624
27100 0.2458 0.0010 3.96 2333 0.1630
27200 0.2459 0.0010 3.95 2341 0.1636
27300 0.2452 0.0010 3.95 2350 0.1641
27400 0.2463 0.0010 3.95 2358 0.1647
27500 0.2491 0.0010 3.95 2367 0.1653
27600 0.2497 0.0010 3.95 2375 0.1659
27700 0.2491 0.0010 3.95 2384 0.1665
27800 0.2483 0.0010 3.95 2393 0.1671
27900 0.2493 0.0010 3.95 2402 0.1677
28000 0.2490 0.0010 3.95 2411 0.1683
28100 0.2488 0.0010 3.94 2419 0.1689
28200 0.2488 0.0010 3.94 2428 0.1696
28300 0.2480 0.0010 3.94 2436 0.1702
28400 0.2463 0.0010 3.94 2445 0.1708
28500 0.2423 0.0010 3.94 2453 0.1714
28600 0.2436 0.0010 3.94 2462 0.1720
28700 0.2427 0.0010 3.93 2470 0.1726
28800 0.2420 0.0010 3.93 2478 0.1732
28900 0.2412 0.0010 3.93 2486 0.1738
29000 0.2438 0.0010 3.93 2495 0.1744
29100 0.2437 0.0010 3.93 2505 0.1749
29200 0.2440 0.0010 3.93 2513 0.1756
29300 0.2444 0.0010 3.93 2523 0.1763
29400 0.2437 0.0010 3.93 2531 0.1768
29500 0.2446 0.0010 3.92 2540 0.1774
29600 0.2439 0.0010 3.92 2549 0.1780
29700 0.2438 0.0010 3.92 2558 0.1786
29800 0.2450 0.0010 3.92 2567 0.1791
29900 0.2454 0.0010 3.92 2576 0.1797
30000 0.2449 0.0010 3.92 2585 0.1803
30100 0.2456 0.0010 3.92 2594 0.1809
30200 0.2443 0.0010 3.91 2603 0.1815
30300 0.2440 0.0010 3.91 2611 0.1821
30400 0.2452 0.0010 3.91 2620 0.1827
30500 0.2452 0.0010 3.91 2629 0.1832
30600 0.2458 0.0010 3.91 2638 0.1838
30700 0.2455 0.0010 3.91 2646 0.1844
30800 0.2451 0.0010 3.91 2655 0.1850
30900 0.2439 0.0010 3.90 2664 0.1856
31000 0.2446 0.0010 3.90 2673 0.1862
31100 0.2439 0.0010 3.90 2681 0.1868
31200 0.2439 0.0010 3.90 2689 0.1874
31300 0.2448 0.0010 3.90 2698 0.1880
31400 0.2452 0.0010 3.90 2707 0.1887
31500 0.2432 0.0010 3.90 2715 0.1893
31600 0.2420 0.0010 3.90 2724 0.1900
31700 0.2427 0.0010 3.89 2732 0.1906
31800 0.2412 0.0010 3.89 2741 0.1912
31900 0.2428 0.0010 3.89 2750 0.1918
32000 0.2416 0.0010 3.89 2758 0.1924
32100 0.2430 0.0010 3.89 2766 0.1930
32200 0.2427 0.0010 3.89 2775 0.1936
32300 0.2416 0.0010 3.89 2784 0.1942
32400 0.2427 0.0010 3.89 2793 0.1948
32500 0.2453 0.0010 3.89 2801 0.1954
