100 0.2360 1.0000 4.32 9 0.0003
200 0.2186 0.9950 4.83 16 0.0013
300 0.2149 0.9900 4.98 25 0.0021
400 0.2131 0.9850 5.27 33 0.0027
500 0.2181 0.9799 5.00 41 0.0034
600 0.2205 0.9749 4.90 50 0.0041
700 0.2213 0.9699 4.87 59 0.0048
800 0.2231 0.9649 4.84 67 0.0055
900 0.2211 0.9598 4.88 75 0.0061
1000 0.2225 0.9548 4.85 82 0.0068
1100 0.2181 0.9498 4.90 90 0.0075
1200 0.2216 0.9448 4.96 99 0.0082
1300 0.2235 0.9397 5.00 107 0.0089
1400 0.2254 0.9347 4.97 115 0.0096
1500 0.2278 0.9297 4.94 122 0.0103
1600 0.2263 0.9247 4.90 130 0.0111
1700 0.2250 0.9196 4.95 139 0.0118
1800 0.2236 0.9146 4.95 146 0.0126
1900 0.2242 0.9096 4.96 155 0.0133
2000 0.2242 0.9046 4.96 163 0.0140
2100 0.2294 0.8995 4.95 172 0.0147
2200 0.2277 0.8945 4.94 179 0.0154
2300 0.2276 0.8895 4.92 188 0.0161
2400 0.2309 0.8845 4.90 197 0.0169
2500 0.2277 0.8794 4.89 205 0.0176
2600 0.2303 0.8744 4.88 213 0.0183
2700 0.2325 0.8694 4.87 222 0.0190
2800 0.2341 0.8644 4.87 230 0.0197
2900 0.2357 0.8593 4.88 238 0.0204
3000 0.2371 0.8543 4.87 248 0.0210
3100 0.2367 0.8493 4.86 256 0.0217
3200 0.2392 0.8443 4.87 265 0.0224
3300 0.2410 0.8392 4.86 273 0.0231
3400 0.2366 0.8342 4.86 281 0.0238
3500 0.2381 0.8292 4.84 289 0.0246
3600 0.2397 0.8242 4.84 297 0.0252
3700 0.2389 0.8191 4.85 305 0.0259
3800 0.2371 0.8141 4.85 314 0.0266
3900 0.2403 0.8091 4.86 323 0.0272
4000 0.2369 0.8041 4.86 331 0.0279
4100 0.2378 0.7990 4.86 340 0.0286
4200 0.2354 0.7940 4.86 348 0.0293
4300 0.2323 0.7890 4.85 356 0.0300
4400 0.2333 0.7840 4.85 364 0.0306
4500 0.2342 0.7789 4.85 373 0.0313
4600 0.2326 0.7739 4.85 382 0.0320
4700 0.2338 0.7689 4.86 391 0.0326
4800 0.2353 0.7639 4.85 400 0.0333
4900 0.2338 0.7588 4.84 409 0.0339
5000 0.2366 0.7538 4.83 418 0.0346
5100 0.2362 0.7488 4.83 427 0.0352
5200 0.2366 0.7438 4.84 436 0.0359
5300 0.2378 0.7387 4.85 445 0.0366
5400 0.2415 0.7337 4.83 454 0.0372
5500 0.2397 0.7287 4.83 462 0.0379
5600 0.2379 0.7237 4.83 471 0.0385
5700 0.2402 0.7186 4.83 480 0.0392
5800 0.2414 0.7136 4.83 489 0.0399
5900 0.2421 0.7086 4.82 499 0.0405
6000 0.2414 0.7036 4.82 508 0.0412
6100 0.2398 0.6985 4.83 517 0.0418
6200 0.2427 0.6935 4.82 525 0.0425
6300 0.2437 0.6885 4.83 534 0.0432
6400 0.2405 0.6835 4.83 542 0.0438
6500 0.2406 0.6784 4.82 551 0.0445
6600 0.2434 0.6734 4.81 559 0.0451
6700 0.2405 0.6684 4.81 568 0.0457
6800 0.2407 0.6634 4.81 578 0.0464
6900 0.2382 0.6583 4.81 586 0.0471
7000 0.2401 0.6533 4.82 594 0.0477
7100 0.2429 0.6483 4.81 603 0.0484
7200 0.2401 0.6433 4.82 611 0.0490
7300 0.2418 0.6382 4.81 620 0.0497
7400 0.2448 0.6332 4.80 629 0.0503
7500 0.2477 0.6282 4.81 638 0.0510
7600 0.2465 0.6232 4.82 648 0.0516
7700 0.2494 0.6181 4.81 657 0.0523
7800 0.2515 0.6131 4.81 666 0.0529
7900 0.2521 0.6081 4.81 676 0.0536
8000 0.2515 0.6031 4.80 684 0.0542
8100 0.2536 0.5980 4.81 693 0.0549
8200 0.2563 0.5930 4.80 703 0.0556
8300 0.2556 0.5880 4.81 713 0.0562
8400 0.2548 0.5830 4.81 722 0.0569
8500 0.2531 0.5779 4.82 730 0.0575
8600 0.2538 0.5729 4.83 740 0.0582
8700 0.2540 0.5679 4.82 750 0.0589
8800 0.2520 0.5629 4.82 759 0.0595
8900 0.2541 0.5578 4.81 768 0.0601
9000 0.2562 0.5528 4.81 779 0.0608
9100 0.2533 0.5478 4.81 788 0.0615
9200 0.2527 0.5428 4.81 797 0.0621
9300 0.2551 0.5377 4.80 806 0.0628
9400 0.2543 0.5327 4.81 815 0.0634
9500 0.2575 0.5277 4.80 825 0.0640
9600 0.2586 0.5227 4.80 834 0.0647
9700 0.2557 0.5176 4.80 843 0.0653
9800 0.2571 0.5126 4.80 853 0.0660
9900 0.2573 0.5076 4.79 862 0.0667
10000 0.2566 0.5026 4.79 872 0.0673
10100 0.2558 0.4975 4.80 882 0.0680
10200 0.2577 0.4925 4.79 891 0.0686
10300 0.2559 0.4875 4.78 901 0.0693
10400 0.2564 0.4825 4.78 911 0.0699
10500 0.2555 0.4774 4.77 919 0.0706
10600 0.2551 0.4724 4.77 929 0.0712
10700 0.2580 0.4674 4.77 938 0.0719
10800 0.2568 0.4624 4.76 947 0.0726
10900 0.2579 0.4573 4.76 957 0.0732
11000 0.2563 0.4523 4.76 967 0.0739
11100 0.2565 0.4473 4.75 976 0.0745
11200 0.2582 0.4423 4.75 985 0.0752
11300 0.2587 0.4372 4.75 996 0.0758
11400 0.2587 0.4322 4.75 1006 0.0765
11500 0.2582 0.4272 4.75 1016 0.0771
11600 0.2570 0.4222 4.75 1026 0.0778
11700 0.2575 0.4171 4.75 1036 0.0784
11800 0.2568 0.4121 4.74 1045 0.0791
11900 0.2552 0.4071 4.74 1055 0.0797
12000 0.2576 0.4021 4.74 1065 0.0804
12100 0.2577 0.3970 4.73 1074 0.0811
12200 0.2565 0.3920 4.73 1083 0.0817
12300 0.2564 0.3870 4.73 1093 0.0824
12400 0.2578 0.3820 4.72 1103 0.0830
12500 0.2581 0.3769 4.72 1113 0.0837
12600 0.2601 0.3719 4.72 1123 0.0844
12700 0.2594 0.3669 4.71 1133 0.0850
12800 0.2626 0.3619 4.71 1143 0.0857
12900 0.2626 0.3568 4.71 1152 0.0864
13000 0.2613 0.3518 4.70 1162 0.0870
13100 0.2635 0.3468 4.70 1172 0.0877
13200 0.2621 0.3418 4.70 1181 0.0883
13300 0.2634 0.3367 4.70 1191 0.0890
13400 0.2623 0.3317 4.69 1201 0.0896
13500 0.2631 0.3267 4.69 1211 0.0903
13600 0.2624 0.3217 4.69 1221 0.0909
13700 0.2628 0.3166 4.69 1231 0.0916
13800 0.2628 0.3116 4.69 1239 0.0922
13900 0.2632 0.3066 4.68 1249 0.0930
14000 0.2641 0.3016 4.68 1259 0.0937
14100 0.2641 0.2965 4.67 1268 0.0944
14200 0.2636 0.2915 4.67 1279 0.0951
14300 0.2644 0.2865 4.67 1288 0.0958
14400 0.2662 0.2815 4.67 1298 0.0964
14500 0.2663 0.2764 4.67 1308 0.0971
14600 0.2675 0.2714 4.67 1318 0.0978
14700 0.2686 0.2664 4.66 1328 0.0985
14800 0.2689 0.2614 4.66 1338 0.0993
14900 0.2694 0.2563 4.66 1349 0.0999
15000 0.2685 0.2513 4.67 1358 0.1006
15100 0.2702 0.2463 4.67 1368 0.1013
15200 0.2716 0.2413 4.66 1377 0.1020
15300 0.2714 0.2362 4.66 1387 0.1027
15400 0.2704 0.2312 4.66 1398 0.1034
15500 0.2703 0.2262 4.66 1408 0.1041
15600 0.2709 0.2212 4.66 1417 0.1048
15700 0.2701 0.2161 4.66 1428 0.1055
15800 0.2719 0.2111 4.66 1437 0.1062
15900 0.2721 0.2061 4.66 1447 0.1069
16000 0.2747 0.2011 4.66 1457 0.1075
16100 0.2751 0.1960 4.66 1467 0.1082
16200 0.2746 0.1910 4.66 1477 0.1089
16300 0.2751 0.1860 4.66 1487 0.1096
16400 0.2770 0.1810 4.66 1497 0.1103
16500 0.2775 0.1759 4.66 1507 0.1111
16600 0.2768 0.1709 4.66 1517 0.1118
16700 0.2768 0.1659 4.66 1528 0.1125
16800 0.2743 0.1609 4.66 1538 0.1132
16900 0.2755 0.1558 4.66 1548 0.1139
17000 0.2727 0.1508 4.65 1558 0.1146
17100 0.2710 0.1458 4.65 1568 0.1154
17200 0.2708 0.1408 4.65 1578 0.1162
17300 0.2705 0.1357 4.65 1587 0.1169
17400 0.2691 0.1307 4.64 1596 0.1176
17500 0.2675 0.1257 4.64 1606 0.1183
17600 0.2683 0.1207 4.64 1616 0.1190
17700 0.2673 0.1156 4.64 1626 0.1197
17800 0.2675 0.1106 4.64 1636 0.1204
17900 0.2659 0.1056 4.64 1646 0.1210
18000 0.2678 0.1006 4.64 1656 0.1217
18100 0.2680 0.0955 4.64 1666 0.1224
18200 0.2708 0.0905 4.64 1676 0.1231
18300 0.2718 0.0855 4.64 1686 0.1238
18400 0.2719 0.0805 4.64 1697 0.1245
18500 0.2729 0.0754 4.64 1708 0.1251
18600 0.2725 0.0704 4.64 1718 0.1258
18700 0.2742 0.0654 4.64 1728 0.1265
18800 0.2738 0.0604 4.63 1738 0.1271
18900 0.2744 0.0553 4.63 1748 0.1278
19000 0.2736 0.0503 4.62 1758 0.1285
19100 0.2734 0.0453 4.62 1768 0.1291
19200 0.2729 0.0403 4.62 1779 0.1298
19300 0.2723 0.0352 4.63 1789 0.1305
19400 0.2744 0.0302 4.63 1800 0.1311
19500 0.2749 0.0252 4.63 1810 0.1318
19600 0.2748 0.0202 4.63 1820 0.1325
19700 0.2739 0.0151 4.63 1830 0.1331
19800 0.2742 0.0101 4.62 1840 0.1338
19900 0.2755 0.0051 4.62 1850 0.1344
20000 0.2768 0.0010 4.62 1861 0.1351
20100 0.2782 0.0010 4.62 1871 0.1358
20200 0.2794 0.0010 4.62 1881 0.1365
20300 0.2786 0.0010 4.63 1892 0.1371
20400 0.2783 0.0010 4.63 1902 0.1378
20500 0.2782 0.0010 4.62 1913 0.1384
20600 0.2798 0.0010 4.62 1924 0.1391
20700 0.2805 0.0010 4.63 1934 0.1398
20800 0.2821 0.0010 4.63 1944 0.1405
20900 0.2829 0.0010 4.63 1954 0.1412
21000 0.2839 0.0010 4.63 1965 0.1419
21100 0.2833 0.0010 4.63 1975 0.1425
21200 0.2817 0.0010 4.62 1985 0.1432
21300 0.2819 0.0010 4.62 1995 0.1439
21400 0.2811 0.0010 4.62 2006 0.1446
21500 0.2818 0.0010 4.62 2016 0.1453
21600 0.2819 0.0010 4.63 2026 0.1460
21700 0.2818 0.0010 4.63 2037 0.1467
21800 0.2818 0.0010 4.63 2048 0.1473
21900 0.2810 0.0010 4.63 2058 0.1480
22000 0.2797 0.0010 4.63 2068 0.1487
22100 0.2812 0.0010 4.63 2078 0.1494
22200 0.2805 0.0010 4.63 2089 0.1501
22300 0.2817 0.0010 4.63 2099 0.1508
22400 0.2828 0.0010 4.63 2109 0.1515
22500 0.2821 0.0010 4.63 2120 0.1522
22600 0.2818 0.0010 4.63 2131 0.1529
22700 0.2819 0.0010 4.64 2141 0.1536
22800 0.2816 0.0010 4.64 2151 0.1543
22900 0.2813 0.0010 4.64 2162 0.1549
23000 0.2821 0.0010 4.64 2173 0.1556
23100 0.2808 0.0010 4.64 2183 0.1563
23200 0.2813 0.0010 4.64 2194 0.1570
23300 0.2813 0.0010 4.64 2204 0.1576
23400 0.2801 0.0010 4.64 2215 0.1583
23500 0.2811 0.0010 4.64 2225 0.1589
23600 0.2802 0.0010 4.64 2236 0.1596
23700 0.2806 0.0010 4.64 2247 0.1603
23800 0.2797 0.0010 4.64 2257 0.1609
23900 0.2803 0.0010 4.64 2268 0.1616
24000 0.2800 0.0010 4.64 2278 0.1623
24100 0.2796 0.0010 4.65 2289 0.1629
24200 0.2805 0.0010 4.65 2299 0.1636
24300 0.2808 0.0010 4.65 2309 0.1643
24400 0.2810 0.0010 4.65 2320 0.1649
24500 0.2811 0.0010 4.65 2330 0.1656
24600 0.2806 0.0010 4.65 2341 0.1662
24700 0.2806 0.0010 4.65 2352 0.1669
24800 0.2808 0.0010 4.65 2362 0.1676
24900 0.2807 0.0010 4.65 2372 0.1682
25000 0.2818 0.0010 4.65 2383 0.1689
25100 0.2817 0.0010 4.65 2393 0.1695
25200 0.2823 0.0010 4.65 2404 0.1702
25300 0.2807 0.0010 4.65 2414 0.1709
25400 0.2815 0.0010 4.65 2425 0.1715
25500 0.2803 0.0010 4.66 2435 0.1722
25600 0.2819 0.0010 4.66 2446 0.1729
25700 0.2813 0.0010 4.66 2456 0.1735
25800 0.2822 0.0010 4.66 2466 0.1742
25900 0.2829 0.0010 4.66 2477 0.1749
26000 0.2814 0.0010 4.66 2487 0.1756
26100 0.2814 0.0010 4.66 2498 0.1762
26200 0.2812 0.0010 4.66 2509 0.1769
26300 0.2812 0.0010 4.66 2519 0.1776
26400 0.2819 0.0010 4.66 2529 0.1783
26500 0.2814 0.0010 4.66 2540 0.1789
26600 0.2809 0.0010 4.66 2551 0.1796
26700 0.2813 0.0010 4.66 2561 0.1803
26800 0.2818 0.0010 4.67 2571 0.1810
26900 0.2808 0.0010 4.67 2582 0.1816
27000 0.2813 0.0010 4.67 2592 0.1823
27100 0.2830 0.0010 4.67 2602 0.1830
27200 0.2813 0.0010 4.67 2613 0.1837
27300 0.2813 0.0010 4.67 2624 0.1843
27400 0.2812 0.0010 4.67 2634 0.1850
27500 0.2810 0.0010 4.67 2645 0.1857
27600 0.2805 0.0010 4.67 2655 0.1864
27700 0.2812 0.0010 4.67 2666 0.1870
27800 0.2799 0.0010 4.67 2676 0.1878
27900 0.2807 0.0010 4.67 2686 0.1885
28000 0.2809 0.0010 4.67 2697 0.1891
28100 0.2797 0.0010 4.67 2707 0.1898
28200 0.2811 0.0010 4.67 2718 0.1906
28300 0.2816 0.0010 4.67 2728 0.1914
28400 0.2813 0.0010 4.68 2738 0.1921
28500 0.2821 0.0010 4.68 2749 0.1928
28600 0.2820 0.0010 4.68 2759 0.1935
28700 0.2805 0.0010 4.67 2769 0.1942
28800 0.2797 0.0010 4.68 2780 0.1949
28900 0.2798 0.0010 4.68 2790 0.1955
29000 0.2795 0.0010 4.68 2801 0.1962
29100 0.2795 0.0010 4.68 2811 0.1969
29200 0.2786 0.0010 4.68 2822 0.1976
29300 0.2793 0.0010 4.68 2832 0.1983
29400 0.2780 0.0010 4.68 2843 0.1989
29500 0.2791 0.0010 4.68 2853 0.1996
29600 0.2792 0.0010 4.68 2864 0.2003
29700 0.2806 0.0010 4.68 2875 0.2010
29800 0.2811 0.0010 4.68 2885 0.2017
29900 0.2792 0.0010 4.68 2895 0.2023
30000 0.2807 0.0010 4.68 2905 0.2030
