100 0.2152 1.0000 5.13 9 0.0001
200 0.2221 0.9950 5.09 17 0.0009
300 0.2264 0.9900 4.95 25 0.0014
400 0.2254 0.9850 5.03 33 0.0019
500 0.2268 0.9799 4.98 42 0.0025
600 0.2249 0.9749 4.88 50 0.0030
700 0.2263 0.9699 4.92 58 0.0036
800 0.2235 0.9649 5.02 67 0.0041
900 0.2243 0.9598 5.00 74 0.0047
1000 0.2219 0.9548 4.98 82 0.0053
1100 0.2236 0.9498 4.99 90 0.0058
1200 0.2250 0.9448 4.95 98 0.0064
1300 0.2243 0.9397 4.96 105 0.0069
1400 0.2225 0.9347 5.00 114 0.0075
1500 0.2210 0.9297 5.05 122 0.0081
1600 0.2236 0.9247 5.01 132 0.0086
1700 0.2230 0.9196 5.00 141 0.0092
1800 0.2248 0.9146 5.01 149 0.0098
1900 0.2252 0.9096 4.99 158 0.0103
2000 0.2283 0.9046 4.96 166 0.0109
2100 0.2276 0.8995 4.97 175 0.0115
2200 0.2250 0.8945 4.97 183 0.0120
2300 0.2245 0.8895 4.97 191 0.0126
2400 0.2277 0.8845 4.96 198 0.0132
2500 0.2275 0.8794 5.01 206 0.0137
2600 0.2250 0.8744 5.01 214 0.0143
2700 0.2253 0.8694 5.00 223 0.0149
2800 0.2262 0.8644 4.99 231 0.0154
2900 0.2242 0.8593 4.99 239 0.0160
3000 0.2263 0.8543 4.98 247 0.0166
3100 0.2225 0.8493 5.01 255 0.0171
3200 0.2240 0.8443 4.99 264 0.0177
3300 0.2225 0.8392 4.99 272 0.0182
3400 0.2238 0.8342 4.97 280 0.0188
3500 0.2229 0.8292 4.97 288 0.0194
3600 0.2261 0.8242 4.95 295 0.0199
3700 0.2236 0.8191 4.95 303 0.0205
3800 0.2230 0.8141 4.95 311 0.0211
3900 0.2242 0.8091 4.96 320 0.0216
4000 0.2211 0.8041 4.95 328 0.0222
4100 0.2251 0.7990 4.94 336 0.0228
4200 0.2218 0.7940 4.94 343 0.0233
4300 0.2238 0.7890 4.94 351 0.0239
4400 0.2221 0.7840 4.94 359 0.0245
4500 0.2243 0.7789 4.94 367 0.0250
4600 0.2198 0.7739 4.94 376 0.0256
4700 0.2237 0.7689 4.93 384 0.0262
4800 0.2228 0.7639 4.93 393 0.0267
4900 0.2229 0.7588 4.93 400 0.0273
5000 0.2265 0.7538 4.91 409 0.0279
5100 0.2225 0.7488 4.93 417 0.0285
5200 0.2269 0.7438 4.94 425 0.0292
5300 0.2275 0.7387 4.94 433 0.0298
5400 0.2292 0.7337 4.93 440 0.0305
5500 0.2304 0.7287 4.92 449 0.0311
5600 0.2329 0.7237 4.92 458 0.0317
5700 0.2307 0.7186 4.92 466 0.0323
5800 0.2321 0.7136 4.92 474 0.0329
5900 0.2316 0.7086 4.91 482 0.0335
6000 0.2294 0.7036 4.90 491 0.0342
6100 0.2326 0.6985 4.90 499 0.0348
6200 0.2303 0.6935 4.91 507 0.0354
6300 0.2318 0.6885 4.90 516 0.0360
6400 0.2301 0.6835 4.90 524 0.0366
6500 0.2276 0.6784 4.90 532 0.0372
6600 0.2275 0.6734 4.90 541 0.0378
6700 0.2281 0.6684 4.90 549 0.0384
6800 0.2293 0.6634 4.89 558 0.0390
6900 0.2295 0.6583 4.89 566 0.0396
7000 0.2289 0.6533 4.89 574 0.0402
7100 0.2323 0.6483 4.88 583 0.0408
7200 0.2338 0.6433 4.88 591 0.0414
7300 0.2342 0.6382 4.86 600 0.0420
7400 0.2324 0.6332 4.87 609 0.0425
7500 0.2329 0.6282 4.87 618 0.0431
7600 0.2309 0.6232 4.87 626 0.0437
7700 0.2329 0.6181 4.87 635 0.0443
7800 0.2351 0.6131 4.86 644 0.0449
7900 0.2338 0.6081 4.86 652 0.0455
8000 0.2326 0.6031 4.85 660 0.0460
8100 0.2310 0.5980 4.85 668 0.0466
8200 0.2279 0.5930 4.86 676 0.0472
8300 0.2250 0.5880 4.86 684 0.0478
8400 0.2244 0.5830 4.86 693 0.0483
8500 0.2284 0.5779 4.85 701 0.0489
8600 0.2324 0.5729 4.84 709 0.0495
8700 0.2301 0.5679 4.84 717 0.0501
8800 0.2259 0.5629 4.83 725 0.0506
8900 0.2282 0.5578 4.82 734 0.0512
9000 0.2308 0.5528 4.81 743 0.0518
9100 0.2310 0.5478 4.80 752 0.0524
9200 0.2352 0.5428 4.79 761 0.0529
9300 0.2386 0.5377 4.79 770 0.0535
9400 0.2409 0.5327 4.79 778 0.0541
9500 0.2398 0.5277 4.78 787 0.0547
9600 0.2406 0.5227 4.77 795 0.0552
9700 0.2398 0.5176 4.77 804 0.0558
9800 0.2408 0.5126 4.77 812 0.0564
9900 0.2441 0.5076 4.76 821 0.0569
10000 0.2452 0.5026 4.75 829 0.0575
10100 0.2479 0.4975 4.74 838 0.0581
10200 0.2499 0.4925 4.73 846 0.0587
10300 0.2480 0.4875 4.73 854 0.0593
10400 0.2495 0.4825 4.72 863 0.0598
10500 0.2502 0.4774 4.72 871 0.0604
10600 0.2490 0.4724 4.71 881 0.0610
10700 0.2504 0.4674 4.71 888 0.0616
10800 0.2522 0.4624 4.71 897 0.0622
10900 0.2496 0.4573 4.71 905 0.0628
11000 0.2474 0.4523 4.71 915 0.0634
11100 0.2446 0.4473 4.70 923 0.0640
11200 0.2418 0.4423 4.70 931 0.0646
11300 0.2411 0.4372 4.69 940 0.0652
11400 0.2383 0.4322 4.69 948 0.0658
11500 0.2376 0.4272 4.68 956 0.0664
11600 0.2382 0.4222 4.68 964 0.0671
11700 0.2400 0.4171 4.67 972 0.0677
11800 0.2395 0.4121 4.66 981 0.0683
11900 0.2403 0.4071 4.66 989 0.0689
12000 0.2416 0.4021 4.65 997 0.0695
12100 0.2415 0.3970 4.65 1005 0.0701
12200 0.2433 0.3920 4.65 1014 0.0708
12300 0.2428 0.3870 4.64 1022 0.0714
12400 0.2440 0.3820 4.64 1030 0.0720
12500 0.2416 0.3769 4.65 1037 0.0726
12600 0.2413 0.3719 4.64 1045 0.0732
12700 0.2411 0.3669 4.63 1054 0.0739
12800 0.2411 0.3619 4.63 1063 0.0745
12900 0.2429 0.3568 4.63 1071 0.0751
13000 0.2427 0.3518 4.63 1080 0.0757
13100 0.2440 0.3468 4.62 1088 0.0763
13200 0.2447 0.3418 4.62 1097 0.0769
13300 0.2469 0.3367 4.61 1105 0.0776
13400 0.2467 0.3317 4.61 1114 0.0782
13500 0.2496 0.3267 4.60 1123 0.0788
13600 0.2473 0.3217 4.60 1130 0.0794
13700 0.2487 0.3166 4.60 1139 0.0800
13800 0.2480 0.3116 4.60 1147 0.0807
13900 0.2468 0.3066 4.59 1155 0.0813
14000 0.2468 0.3016 4.58 1163 0.0819
14100 0.2471 0.2965 4.58 1171 0.0825
14200 0.2460 0.2915 4.58 1180 0.0832
14300 0.2462 0.2865 4.57 1188 0.0838
14400 0.2476 0.2815 4.57 1197 0.0844
14500 0.2457 0.2764 4.57 1206 0.0850
14600 0.2502 0.2714 4.56 1214 0.0856
14700 0.2482 0.2664 4.56 1222 0.0862
14800 0.2491 0.2614 4.55 1231 0.0868
14900 0.2481 0.2563 4.55 1239 0.0875
15000 0.2495 0.2513 4.55 1248 0.0881
15100 0.2480 0.2463 4.55 1256 0.0887
15200 0.2460 0.2413 4.55 1264 0.0893
15300 0.2469 0.2362 4.54 1272 0.0900
15400 0.2469 0.2312 4.54 1280 0.0906
15500 0.2489 0.2262 4.54 1289 0.0912
15600 0.2486 0.2212 4.53 1298 0.0919
15700 0.2486 0.2161 4.53 1306 0.0925
15800 0.2485 0.2111 4.53 1314 0.0931
15900 0.2500 0.2061 4.53 1322 0.0938
16000 0.2494 0.2011 4.53 1330 0.0944
16100 0.2509 0.1960 4.52 1338 0.0950
16200 0.2534 0.1910 4.52 1346 0.0956
16300 0.2506 0.1860 4.52 1354 0.0963
16400 0.2526 0.1810 4.51 1363 0.0969
16500 0.2540 0.1759 4.51 1371 0.0975
16600 0.2533 0.1709 4.50 1379 0.0981
16700 0.2538 0.1659 4.50 1387 0.0988
16800 0.2551 0.1609 4.50 1395 0.0994
16900 0.2583 0.1558 4.50 1402 0.1000
17000 0.2582 0.1508 4.49 1410 0.1006
17100 0.2583 0.1458 4.49 1419 0.1013
17200 0.2580 0.1408 4.49 1427 0.1019
17300 0.2603 0.1357 4.48 1436 0.1025
17400 0.2607 0.1307 4.48 1444 0.1032
17500 0.2574 0.1257 4.48 1452 0.1038
17600 0.2567 0.1207 4.47 1461 0.1044
17700 0.2557 0.1156 4.47 1469 0.1050
17800 0.2561 0.1106 4.47 1478 0.1057
17900 0.2525 0.1056 4.46 1487 0.1063
18000 0.2527 0.1006 4.46 1495 0.1069
18100 0.2540 0.0955 4.45 1504 0.1076
18200 0.2549 0.0905 4.45 1512 0.1082
18300 0.2579 0.0855 4.45 1519 0.1088
18400 0.2611 0.0805 4.45 1526 0.1094
18500 0.2625 0.0754 4.45 1534 0.1100
18600 0.2623 0.0704 4.44 1543 0.1107
18700 0.2651 0.0654 4.44 1553 0.1113
18800 0.2699 0.0604 4.44 1559 0.1119
18900 0.2700 0.0553 4.44 1567 0.1125
19000 0.2706 0.0503 4.44 1575 0.1131
19100 0.2688 0.0453 4.43 1584 0.1138
19200 0.2691 0.0403 4.43 1592 0.1144
19300 0.2675 0.0352 4.43 1601 0.1150
19400 0.2613 0.0302 4.42 1609 0.1156
19500 0.2610 0.0252 4.42 1617 0.1162
19600 0.2620 0.0202 4.41 1626 0.1169
19700 0.2601 0.0151 4.41 1634 0.1175
19800 0.2563 0.0101 4.41 1642 0.1181
19900 0.2574 0.0051 4.40 1650 0.1188
20000 0.2565 0.0010 4.40 1659 0.1194
20100 0.2578 0.0010 4.40 1667 0.1200
20200 0.2553 0.0010 4.40 1676 0.1206
20300 0.2552 0.0010 4.39 1684 0.1213
20400 0.2581 0.0010 4.39 1693 0.1219
20500 0.2586 0.0010 4.39 1701 0.1225
20600 0.2597 0.0010 4.38 1709 0.1231
20700 0.2615 0.0010 4.38 1717 0.1238
20800 0.2592 0.0010 4.38 1726 0.1244
20900 0.2574 0.0010 4.38 1734 0.1250
21000 0.2578 0.0010 4.37 1742 0.1256
21100 0.2557 0.0010 4.37 1750 0.1263
21200 0.2581 0.0010 4.37 1759 0.1269
21300 0.2561 0.0010 4.36 1767 0.1275
21400 0.2553 0.0010 4.36 1775 0.1281
21500 0.2554 0.0010 4.36 1783 0.1288
21600 0.2540 0.0010 4.35 1791 0.1294
21700 0.2522 0.0010 4.35 1799 0.1300
21800 0.2517 0.0010 4.35 1808 0.1306
21900 0.2521 0.0010 4.35 1816 0.1312
22000 0.2531 0.0010 4.35 1823 0.1318
22100 0.2555 0.0010 4.35 1832 0.1325
22200 0.2528 0.0010 4.35 1841 0.1331
22300 0.2517 0.0010 4.35 1849 0.1337
22400 0.2508 0.0010 4.34 1857 0.1343
22500 0.2508 0.0010 4.34 1866 0.1350
22600 0.2505 0.0010 4.34 1875 0.1357
22700 0.2508 0.0010 4.33 1883 0.1363
22800 0.2536 0.0010 4.33 1891 0.1369
22900 0.2520 0.0010 4.33 1898 0.1376
23000 0.2516 0.0010 4.33 1907 0.1382
23100 0.2523 0.0010 4.33 1915 0.1388
23200 0.2537 0.0010 4.33 1924 0.1394
23300 0.2567 0.0010 4.32 1932 0.1401
23400 0.2561 0.0010 4.32 1940 0.1407
23500 0.2557 0.0010 4.32 1948 0.1413
23600 0.2557 0.0010 4.32 1956 0.1419
23700 0.2561 0.0010 4.32 1964 0.1425
23800 0.2554 0.0010 4.31 1973 0.1431
23900 0.2566 0.0010 4.31 1981 0.1437
24000 0.2565 0.0010 4.31 1989 0.1443
24100 0.2555 0.0010 4.31 1997 0.1449
24200 0.2544 0.0010 4.30 2006 0.1455
24300 0.2536 0.0010 4.30 2014 0.1462
24400 0.2542 0.0010 4.30 2023 0.1468
24500 0.2563 0.0010 4.30 2031 0.1477
24600 0.2551 0.0010 4.30 2039 0.1483
24700 0.2575 0.0010 4.29 2047 0.1489
24800 0.2561 0.0010 4.29 2057 0.1496
24900 0.2578 0.0010 4.29 2067 0.1501
25000 0.2586 0.0010 4.29 2074 0.1507
25100 0.2579 0.0010 4.29 2083 0.1513
25200 0.2595 0.0010 4.29 2091 0.1519
25300 0.2603 0.0010 4.29 2100 0.1525
25400 0.2611 0.0010 4.29 2109 0.1531
25500 0.2595 0.0010 4.28 2117 0.1537
25600 0.2614 0.0010 4.28 2126 0.1543
25700 0.2607 0.0010 4.28 2134 0.1549
25800 0.2616 0.0010 4.28 2143 0.1555
25900 0.2606 0.0010 4.28 2151 0.1562
26000 0.2589 0.0010 4.28 2159 0.1568
26100 0.2593 0.0010 4.28 2167 0.1574
26200 0.2575 0.0010 4.27 2176 0.1580
26300 0.2572 0.0010 4.27 2184 0.1586
26400 0.2577 0.0010 4.27 2193 0.1592
26500 0.2586 0.0010 4.27 2201 0.1598
26600 0.2583 0.0010 4.27 2210 0.1605
26700 0.2567 0.0010 4.26 2219 0.1611
26800 0.2576 0.0010 4.26 2227 0.1618
26900 0.2563 0.0010 4.26 2236 0.1624
27000 0.2569 0.0010 4.26 2244 0.1630
27100 0.2566 0.0010 4.26 2252 0.1636
27200 0.2591 0.0010 4.25 2261 0.1643
27300 0.2592 0.0010 4.25 2271 0.1649
27400 0.2581 0.0010 4.25 2280 0.1655
27500 0.2560 0.0010 4.25 2288 0.1661
27600 0.2571 0.0010 4.25 2296 0.1667
27700 0.2578 0.0010 4.25 2305 0.1673
27800 0.2580 0.0010 4.25 2314 0.1680
27900 0.2592 0.0010 4.24 2322 0.1686
28000 0.2587 0.0010 4.24 2331 0.1692
28100 0.2593 0.0010 4.24 2340 0.1698
28200 0.2589 0.0010 4.24 2349 0.1704
28300 0.2589 0.0010 4.24 2358 0.1711
28400 0.2600 0.0010 4.24 2367 0.1717
28500 0.2633 0.0010 4.24 2375 0.1723
28600 0.2633 0.0010 4.23 2384 0.1729
28700 0.2615 0.0010 4.23 2393 0.1736
28800 0.2597 0.0010 4.23 2401 0.1742
28900 0.2599 0.0010 4.23 2410 0.1748
29000 0.2611 0.0010 4.23 2419 0.1754
29100 0.2613 0.0010 4.23 2427 0.1761
29200 0.2622 0.0010 4.23 2435 0.1767
29300 0.2613 0.0010 4.23 2444 0.1773
29400 0.2614 0.0010 4.22 2453 0.1779
29500 0.2618 0.0010 4.22 2462 0.1785
29600 0.2602 0.0010 4.22 2470 0.1791
29700 0.2623 0.0010 4.22 2479 0.1797
29800 0.2629 0.0010 4.22 2488 0.1804
29900 0.2635 0.0010 4.22 2497 0.1810
30000 0.2629 0.0010 4.22 2505 0.1816
30100 0.2622 0.0010 4.21 2513 0.1822
30200 0.2608 0.0010 4.21 2521 0.1828
30300 0.2629 0.0010 4.21 2530 0.1834
30400 0.2631 0.0010 4.21 2538 0.1840
30500 0.2601 0.0010 4.21 2546 0.1846
30600 0.2609 0.0010 4.21 2555 0.1852
30700 0.2610 0.0010 4.21 2564 0.1858
30800 0.2599 0.0010 4.21 2573 0.1864
30900 0.2610 0.0010 4.21 2582 0.1870
31000 0.2604 0.0010 4.20 2590 0.1876
31100 0.2596 0.0010 4.20 2598 0.1883
31200 0.2599 0.0010 4.20 2606 0.1889
31300 0.2579 0.0010 4.20 2614 0.1895
31400 0.2578 0.0010 4.20 2622 0.1902
31500 0.2592 0.0010 4.20 2631 0.1908
31600 0.2600 0.0010 4.20 2639 0.1914
31700 0.2588 0.0010 4.20 2648 0.1921
31800 0.2588 0.0010 4.20 2657 0.1928
31900 0.2576 0.0010 4.20 2667 0.1934
32000 0.2590 0.0010 4.19 2675 0.1940
32100 0.2611 0.0010 4.19 2684 0.1946
32200 0.2611 0.0010 4.19 2692 0.1953
32300 0.2630 0.0010 4.19 2701 0.1959
32400 0.2622 0.0010 4.19 2709 0.1966
32500 0.2624 0.0010 4.19 2717 0.1972
32600 0.2629 0.0010 4.19 2725 0.1978
32700 0.2630 0.0010 4.19 2734 0.1985
32800 0.2633 0.0010 4.18 2742 0.1991
32900 0.2622 0.0010 4.18 2751 0.1998
33000 0.2619 0.0010 4.18 2760 0.2004
33100 0.2616 0.0010 4.18 2768 0.2011
33200 0.2616 0.0010 4.18 2776 0.2017
33300 0.2591 0.0010 4.18 2785 0.2023
33400 0.2606 0.0010 4.18 2794 0.2029
33500 0.2582 0.0010 4.18 2802 0.2035
33600 0.2587 0.0010 4.17 2810 0.2042
33700 0.2576 0.0010 4.17 2819 0.2048
33800 0.2587 0.0010 4.17 2828 0.2054
33900 0.2593 0.0010 4.17 2836 0.2060
34000 0.2587 0.0010 4.17 2844 0.2066
34100 0.2572 0.0010 4.17 2853 0.2072
34200 0.2584 0.0010 4.17 2861 0.2079
34300 0.2588 0.0010 4.17 2869 0.2085
34400 0.2574 0.0010 4.17 2878 0.2091
34500 0.2591 0.0010 4.17 2886 0.2098
34600 0.2577 0.0010 4.17 2895 0.2104
34700 0.2587 0.0010 4.17 2903 0.2110
34800 0.2594 0.0010 4.16 2912 0.2116
34900 0.2602 0.0010 4.16 2920 0.2122
35000 0.2607 0.0010 4.16 2928 0.2128
